01111111111111111100011011111010000111000001011010000000000000000110011010001011110111011110110110111011010100110111111111111111011111111111111111001110011111000011000010100001110010110100000101000010101001011101110101010001101101111010000011010010111111001000000000000000001100101011010101000110000001000001010000000100011000011011100110000000000000000010111110101100000001101000010001000111011100001011111110100110110001010000110101011101000010111011110001101101111010100010011110100111011001100000110111000011 
11110100101000101111000110110111001011001100010010000000000000000010001001111101000110000100000001110011010000110111111111111111100000000000000001001110111101010101101101000110010011101011101010100001001110000111111111111111101001111001010101010011010010100000110001010010100000000000000001111111111111110101100011000001111010101100111111101110000110111000000000000000101111101101110110000000000000001000000000000000111001111101101101111111111111111101010001000110100000000000000010000000000000000100100000000100 
10111011011000110111111111111111100000000000000001100011010100100011001010010011010001110001101001000100010100110010011111110100001100110011111011101111110000001110010101101110000011111000101111111110011011111000000000000000011010101111011101101101011100110111111111111111010110111010101111001010111011000100110000110010100000000000000000010111011111000011011010001010011111111111111101011010100101000101000000100110000010010110110010000000000000001001010100010001110010100100101100011110100001100100011110000101 
10100000111101011000100110110111100000000000000010001101010100010110000110000010001011111011100011010010110010101101000100111111000011011011111111101010101101101011110001101011011111111111111101111111111111110001010100011011000101111011110001111111111111110111111111111111100000000000000011101000001110100100001111111010100000000000000001111111111111110010101110001001001010000001001010100111011100001000001010011110000111010010111001111111111111111000000000000000111101110110110011011100111000010100000101111110 
01001010101111101100101100100111011111111111111111010001000000110000100100110000100000000000000010011001001100101011001110010000100000000000000001111111111111110000000101111111110111011000001101111111111111111101010111000100000111101101110001111101000111100100000001100101010000101110000001111110000011010010101101001011100000010000000111111010111110111000100010101000111000101101001110110010110100100001000111000110011111111111111110110111110110101010110000110000001001010001010111011100110110111101110111010011 
10010011100000001001010111101101101000011110001110001011000000001001010010110011110011001111101111010100010000001000000000000000000011111110000010111110011000010011100101001110001010000010010011100010010101110111111111111111011010011010111001111111111111111000010101111011100000000000000011010000111001010011000001110111111100011100011111001010101101011000000000000000101010000000100100000101001011000100111001100100011111111111111100110110100010000111111111111111010010001101000011101000011011101010010000100101 
10110110111011101011011111011001110000101000111100101101110101000101001110101010100100011111100100011001101010101000000000000000011111111111111110000000000000001000000000000000111010110101011111011011111000110001101010000001000101101101101010000000000000001000000000000000101001101101101011111110011101000100001101000111011001010001111011001000001011001101100100100101100000000000000001111111111111110111111111111111100000000000000010101100110001101101000100111100111011010000110001100010010101101000000000000000 
10000000110101011011011011100011101001000100000010000000000000000000100011110101111001101100001011001011111000011100011100011100001010000011101110110110111010001000000000000000111110000110011110110001010001010111111111111111011111111111111101101010011101001011000001110010100000000000000001111111111111110100100111110011011000011100000111110010001001011000000000000000100111100001101011101011010011111000000000000000100000000000000001111111111111111100110100110011110000111010010110000000000000001000000000000000 
10101001010100001100100101001011010101111000011100011110111010011000000000000000001000100000001110010110101000110111111111111111000010101110101000100001010110100011110001010000000110011100000000111011100011010111111111111111000010111110010111111000001101011000000000000000010000110010110110100101000011110111111111111111001101010101000111011011000011110111111111111111110011011011100110000000000000000010011110000111011011010101111010110010001001010111010000111110010001110011111001111111111111111111010110100000 
10001101110010010001001100111101011011001111000101100010100000010100001101011111010110111001011110000000000000000001101100010101110010010101000101100010010100100111111111111111011111111111111111110101001011111011101011000100011110001110000100001101011000101000000000000000011111111111111100000000001011100100000111011001000110011100111001111111111111111000000000000000111011100010110001111111111111111000110101111110100000000000000000100011010101001100010011110000101000111001111010000000000000001110101000100010 
01011000110111111010100100101110111110001001100101001010101110011111100110111010111011101100011010101011101101001100110111010001100000000000000001111111111111110100000010011110100000000000000001000000010111111100111110110100010110000000110011110010001111100000110010011010011111111111111100110001000101000011010100010000110100101001001000110100001110001110011001011001011111111111111101000100010010110101001101110011011111111111111111001101011111010100111100100100100011110110000000101101011111010011001111111010 
11010010110101000111111111111111110101110101001010101001101001000111111111111111100000000000000011110001001000010000011101111100011100100100000101011110011010100111111111111111100101001011001000001110111110010111111111111111100000000000000011100010010111010101101111001110000001111101111101111111111111110101010011111111111010000110111010100010111011011000000000000000011111111111111101101100101001100011000101001111100000000000000010111010011100001000000000000000000010000010101110000000000000000111111111111111 
00011010100011011111111110110110111111110111010101111111111111110000001100001110100000000000000001111111111111111000000000000000011110000111101010000000000000001000000000000000100000000000000011000000110101101010111010111110000011001100011100011010001111111011000001111110110101100010011011110010101010011100010110100101101111000101011000001111111101010110011111100011101011001010110000010010110000010111111111111111011011111111111010000000000000000011011111110001111111101100101101111111111111110010111010100100 
01111111111111110010101100101000010101010000100101111111111111110101111100100101111001010011100011000111011011000111111111111111110000101101010101111111111111110111111111111111001010101100001110000000000000000001111010001110101001110001011110101111111111011110100100000110011110010000000000011100101000101010101000000010000001100001101101111111111111111000000000000000010011001001110000110110100110000001110111011000100000000000000000111000101010000111111111111111110100111011111110101011000101110110010011010111 
01111111111111110000001010000011000001100101010001011111010010010111111111111111100101011101001010000000000000001101110101011000001110110110111000011010011101101011011010110100000000010000100011000111001110001000101101101101011111111111111100000111100000111111101011100000101101110111111000010001011011001011110011000100110111110001001011011100101010111000000000000000001011010110011111000110110101101000000000000000111001101100010111010110011001000101111000100000110000101111111110010100011011011000000000000000 
10000000000000000100110110001011101111000011011010011000011101110100011010001110110111001010010111101001000001111010011100111010000110101101110010000000000000000111001011001010001010000010001001001000001001110111111111111111010101010100100101011110000101101010111111110011001000101101010100100101111111100111111111111111110100001011000010111110100011110001000101100101111010100100001101100101110100010001110110110011000001010100010010000000000000000111111111111111011111111111111110100100001100001000101010011010 
01110110100010010111111111111111010011000111011101111111111111110000111011011101100000000000000010010110011101110111011110010100010100110000011111100010101100111011000110111000001000101011010110000000000000001000000000000000001101001010000110000000000000000010111010001110110011101111111100110011000101011010100100100000101010010101001101000101010010011101010000100101001110001001111110000000000000000011001101010101111001011010101100100111000011011010111110111011100001101111010000001010110101111010010110110100 
11011011011011011011001101010000000100011110000011101000100001000001111001110001101111110010011111011110111111101011001001011101110001000111000111111001110101010001111111011111110101101010011111010000010101110110111110111111011111111111111100111011100100111000000000000000110010010001101100101011111000010100000110111101011111111111111100000111011011111101010001011000000001100110010100010010111011010110010001001110110001011000111010101101110110000111000011110010111110001100011011000011111011011000000000000000 
00110010001001001101111101011011000100111001110000110110000110101100100010000011100000000000000011111000010100011101101010000101100000000000000000110110000110000001000110100111011010001111101111110000001110111011101100110010100010011011001010001000100001111110101100011101110010110110010001000011000100111010111101111100101001111011010010000100111100101001001010000011101000101011000011110010010010100010101111010111100000000000000010101011111011110001011100011000111010011111100110000000000000000111111111111111 
10010011101000011010100110110101011110010000111011000000101011100010110110011100010100010111011110000000000000000111111111111111100000000000000011101000101110100111111111111111011111111111111101110011000100000111111111111111011111111111111100111000111010001011000010101111111110111010101011111101000010000110101101010110100111110010011110011000111001001011101100110001111010000110111010000000000000001000000000000000001111001111011100100101011100010111111111111111111000011110011001100101011011101010111011110001 
10000000000000000111010101110011010000110101110100110111110010011000000000000000000110010100010001111111111111110000000011110100101000001001001111101110001101000001111110100101000110010001110110000000000000000100011000110111111001000001101111110010011000100010110110110110100000000000000000011101011100000010100101011011101111101000111010110011100100111000000000000000011110110011000000001100110101010100101000111110100100100011111000111101001110111010110101010110100000000000000010000110110101000111111111111111 
10000000000000000000000111111000011111111111111101111111111111111000000000000000100001000110101001111111111111111000000000000000100000000000000010000000111111000111111111111111111100101000100100101000001010001000000000000000011111111111111100100010101010100010111100000010011111111111111111101111011010100001010110000110110101110000011001000100100100010111111111111111000101001111001001111111111111110111111111111111010100111100100010000000000000000010011010011101011111111111111101111111111111110001101010000100 
11110100101000000101011000010110100010110110011010010000001111110111111111111111111100001100101010000110000101101000000000000000010000011011101010001100111100101000000000000000100000000000000010010000111011111000000000000000111011100010111001000100001111010011000101101010111111001110100101111111111111111000000000000000000011010100111000101110100101101000110001000100010011100101010001111111111111111111101011010101100000000000000010000000000000001001101000110000010111100000101010000000000000001011110101010011 
00000010111001101000000000000000100000000000000000011001111010101100101111001101010101111111001001011101000111100101011010101010111101110000111000011110010010011111111011001001111101101001001101001100110101100111111111111111100000000000000011110110010001001000000000000000000010000100000010000000000000001110000110011000110000011100011110000000000000000111111111111111100000000000000001010100001010100101111011010011110110110000100001011111100011100010100011011001000100000010000001111001110000100111111111111111 
00011001110110001001110001100100000111000001001110011010000000000000101000010000011111111111111110000000000000000111000110111110011111111111111101111111111111111111010100010101110101001110111001111111111111110111111111111111101100110100111101111111111111111001001010011101100101011100011101111111111111110101100111111010100110010111001011000111011100110010100110110111100000000000000010000000000000001000000000000000001101100010110110000111111000010011100111100100010011100000110100010000100111101001001101111010 
01111111111111110110001110100100000110011110011001111010110101001101111011001110011111111111111100001101000101000110011101101001011111111111111111101101001101010000100000001001010011101101110110000000000000001010100110001000100000000000000010000000000000000111111111111111011111111111111110110001011011001000000000000000011111111111111101111111111111110111111111111111111011101110000111111100010101000101001010011000100000000000000000001111100001011000000000000000001110001010001000110011100110110001110010010101 
00001111010111111011000001000100100000000000000000111010111001101010100010010010001011101001110001110100110000011000000000000000011110011010110110000000000000001101001001101001101110010111011000111000000010111000000000000000010110000000100000100111011110100010010010110100001111001000011001111111110110000001101001100000100000000000000000011010110000010101001011110001111010010100010001111111111111110111111111111111010011101010011010000000000000000100101101111111001101010010010000111001101001101000010110010100 
10000000000000001000000000000000101111001111000010000000000000001111100111110000111111010101000001011001100000011110011011000010100101001101000010011101101101111000000000000000101000110101101011011000100011010001110011110010011011110101111101111111111111111101101010100111100000000000000001100110111110110110110110011000100000000000000010010100011111111000000000000000101011100111010001111111111111111000000000000000001100000111110001011010100110110101110100000001101001111000011010000000000000000010000001001010 
11011100000101010100010001101101101011011001101110000000000000001100111110001001111000100111111001111111111111110011010000001001001110010110000010101001001111110001110000001010100100111000100110000000000000001111101001001011100000100111111010101011110101101001110111111011011111011011010110000000000000000111111111111111011111111111111110100110000010010101011000111010011111111111111101010100001111000111111111111111100000000000000011110010101010101000000000000000110001101100100011110000110001110110100110101001 
10000000000000001100101011001111100000000000000011000001110001000000110000010011101000001100010111000010110001001000100110010011111100010100001101111111111111110011001111000001111101011010100001110100110101001111101110110111001111001111001001111111111111111011000000000000110011101100010101101101111110010111000011110101001111010011011000000111011011011101011011000100110110000110100101100111010111010000011101011100101101110000001010000000000000000001010001110101011111111111111110000000000000001100101100011010 
10000000000000001011101010110001011111111111111110110100001010011110000100001001010100011111100001101001001100010111111111111111100000000000000011101001001101100111111111111111010101011101100100001100001001100001111101100010001000100100101101111111111111110000111000010011011111111111111110000000000000000111111111111111100000000000000010000000000000000110100100110010100100101110001010000000000000000101110111001110011101111100000011011100100100010000001011111000000000000100110001011111100110000100101001011101 
11111100111000111000000000000000011001000110100101111111111111110111111111111111101001101110111110000001101111011011001011011000100000000000000010011101000011010000100011100101110001100110011101110011111100101111000101110001010000010011111001000011111110011110001111101110000010000000111101110110011000011000000000000000100000000000000000100100101000000001001000101101100000000000000011000000000101101000000000000000000011101010000100010110110011100110100100101111000010001010110101111111111111111000000000000000 
