1111010000010010111111110011001011100100000001011000101010011000111101101110010001101010101010100111110000101110010110111001111111011000111011100001101100101010110000000010110000110111110110111001001100001011111110001010101111010011110100111100100111011011 
0010011100011001000100011110110001100010011010000010010010001001010000100011101000111101110110101000100101100001000101000001111000001100101000100110110100010000100000101110000111110101110111011010001011101000100110110001011010110100101010100111000101011111 
0001011100001100000011111011011101011100101001010010100010100000000011011110000010001111001000110001011101000110110010100010100101111100100001010110101001100010100000010011100101010001001001010110110110111011111101101010001010110101001010000101110011110000 
1000100011111100110010001101110100011111101110010010111100111111001101000000110110010101100000000110101110001110000000000011101011101111100110101001110100000000100000011100001101101110000001100010010101101111100100011101011001100111100111000010010101010111 
0100011001111110011000000111111010110111001110110010011011100011110100111110100111011110010011110010111111110110100001011001100100000011111100101101011101100100110100111100010110011110000101100001100000101001001111001100110011010010000011100001111000001011 
0101100101010001101101100110100111011110010101111100001011110000101010101001001011101101000111101011100001111000111000011111011001110100001011011011001000110101100011110001100110110011110101100010100011010110010110111101010000001011111010010010011010100000 
0110111101110010110110000000100000000001010001000111100111111101001111101011010100010100011101001101110110101110011010011001101000110001010010011011000100110001101001001001000100000111000100000110010000111110100011110100000000011101010000111100010100101100 
0010010010000001110101111000000001011010110010111001100110100100110011001010011101010010101001010100001010001111011101001111110110010101110011101100011101101100100000001001110111100100010001100110010001010011100111011001100000011111111100001100101111101001 
0000101011100001000011111111011010110101101001011111000000010100110100010010101011100011101011010100010010010011000100110100111000000001011001001001001000110001011011001100110001001101001010011110000101101011111001101111010110011110111111010110011011001101 
1000000111110001000010011101110000110101100000000010100110100110001000010101110001001110011001010010100001101010011010101101010110110101111111111011110000100010001110100110000100110101000000010110010111110001001001010010110101011011101001110011100010011110 
0010000111001100001010101111010101011110010101011101111110001101011010110100000000101110011100100110100010000001000001101101100010100101101001010101010010001011111001101000111000010110100101101110111010101011110111011011010100010011000000111010001001010001 
0011100110000010000000001101110110000011100001110010100111110100111011000110101001010010110100100111000101111000101001111100001111101000001011100111010001011111101100001100110001100110000111010110100001101000001011001110011101000011001100000011011001100101 
1111111000000111010001110101000010000010110010010001111000011010011011000010110111010010110010010111111000010100110011011111011000011100011000100010011000110101011011000011110110001110011110001111000100011000000011101101000000011101000010110101000011000011 
0110001010011000010000010101111101111000000101001101111110011100010100100110001100000100011011001011101011011010110110010101101101100101100100001110110010100011110010011110010010101000001110111111110100010100110111110000011011100110111110000111000001101111 
1101101111111001111100100111110111000000011110110101100011100100011001000010110111111011001000010111010010110011111011101001010101010101110000101010010001101000110101111111000111001010011110101100110100100001111010001011001001011010011100011111010011011100 
1110010101001000000111011001100101000100000010010011111110111111111000010001000101010100100101010100101111110101001100010100000011110000000011011000110000010111110101010100011110000110111101000001100000101010010101100111001011101000011010000101101100001000 
1101010001110101111011101010011001011100011010110000101011010111110010111000111000110011111010100000101100010111110000110000000100100001100001100100011001100111101100100100111101100001100001101011011000011001010001110101000000000000000101000101000010001111 
1010001100111101110111000000011100111111011010111101011111111010111010110011011010001101000111001001101111011010011001010010011100011111001010111101101001001001101011011000100101111000110001111111000000001011010001101011011111001111010100100010101110011101 
0011011110100101010001110100000111010000001111111011101101001100010101011101100101011010000011100000100111111010010101111110000110011001111011010010101101001111001110001010010000101110010000111010010111100110000110011110010111011001010101111110101011111110 
1000000111010100010010111111010010101111001001011101001010011100001011100001011011111111001010001111111001110011000100111110001100101010001000000100001111101110110010101010001001110000000100101001010101100010101001001111000111011110010101000011110000000111 
0011100011001010111010111001001101000000010100101101011000011011001100000011101000111011111100010101011111101011001001110010100010100110111001010010011001101101011001001100011000110010000011100001110110010010000011110001001010101101000101001111011010110000 
0111110110010010111100111110111111000011110101110100111011101110001010011001100011011101001001011000010111000110100000000011000101111101010100010010011110010100111110100110011100100011101000011000010010001110000101110101011010000110110000011001110100100111 
0101000110011001000010101100010111001100111011101011100110010101100100000010101010100101011001001001111011000111111110001000001111101011111010110100010000101100000011010100010100111101011010011011101011001101101011011010001101110101101000110001101111010001 
0101010110101111001010101101101100100111001001110110010111010001001111100110011000011101001000001100100110010001011011101011001110101110111110110100001010011000100001001011111100001100011111010110001001110101010010011101011100100000100111011000011101000001 
0000101101101111110111011100111100000101001011111001111010000001011110110001001010110101111110010110011011001011100101010011100000000011111101000001000011010100000011001010010100001001100110011100011100011110111111111011100011010110000101101100010010010101 
1010111001011010010101001000101110011010001100011100010010110011110101001000011100110111000110111100110011011010000111011001010001100011100111011001001001101010011110010111011101011101111101011100001011010000000101000100101110101011000010110100011001000110 
0101011101111010101101010000101111011011010101110100110001010011001110100101101011011110000010100000100000110100111001101000010111010010010000011110110000010010000000010111001111101000010111011000011101010111100011001111001000010000101110101100101011111100 
1100010000011110010101000100101000110111001100100010100101101110110110101100001100100111101001111000011001001010100010010110000011000011110111110100011000010101010101110000100111011001011000000011111111100010111011010001001001101111110010011001100101110101 
1111001000010010110011100101000001011111111000011101010000100110001011011001011110110101111111111010010011110010100101100110001000000111010101110111011000110010111110100100010001010111101100000011001011011110110110111101000011101101111111110001010000000110 
1010111001000101110101111111000011101001000011011000100110100000111001000010001111100110111010111011101110111111010110110100100000001110101111100100101100101100001000110011000100000101110001000000101011111011000000011010001110011100101001011011111110000000 
0010100110110100001111011110101010011110010000110001001110000101111111011100001111011011101100111001000011011100110010100011010111000010011000001000011011111100011001001111100000110001101111100100111001101100111111011000000010101101110101101010101110111001 
1000110110011000100111000101100010111000100100000100101110100110000111011001100110010111000111010000010110111100100100110110100001010001101111010111010101000101101011111100100011000000111000101111011100000101010110000101011110110001111010101111111000001111 
1100101011100100001010000111000001111011000101011000011011111110111011011100000010110111110010110000110110101111011010001011011110111001000001011000001111111111001100001101010101001110010101000101001110100011101001100100010010101100101100110101011110111011 
1001000000110110000110010011101100100100101101010101111010011111110100101101100011001001101110011011101101111011110011101111100110010011010101110001111100011101110100011111101110111001110001101101001100101110011001010011100110001101111101101011111010110101 
1101011101011000011101000000011001101000000010000100001011000010011100111100011001100110101001100111001011010100010101000101000011011101110001000011100010100011100101101001011010100000011011000001101000111100001110011010001000000101000110011000011111001100 
0111100011011011001000110110100101010110011001011001011111101100010010001011110001100000001010001011111100011100100101101110110000011000101000111110100000000000111011001000001011010011110010111001101000010001011111000011111101001011111100001010001000000100 
1100000010100110010111011100110000010001011101010000100100110111011101011000111111110011100011101001111000101000101010110101100110000001101010100000101000001001000010110110111000101010001010010001101011000101001101110011111000100100100110010111011110011110 
0000100111000111000100100111011110110001101111000100111010001101110000101101101110101000111011010100101000011001101110011000101001010010101110001100110101001001100000101010110000001010111100000110111001010010010110101101101010111000101110010101010111011010 
0000111110000010000101110100111101010011001011111110100000001000101100111010010011010101111110001110010110001100011010011100111101101110011100100001110100110111000100001110110110111100001001100100010001010110010010010100001111110010011000111010100011010011 
0010111011101000000011100101101101110001100011001001001110101100011110011111111010001000101001101011111110001001011000111101110111101011011001100110100110000110111101100111101010001111000010100000100000010010111011010100010001010101100000110000010010010100 
1000101011111010010000101100010000100001100011001010001001010111000000100000010101001111001011010010010000010011001011101101011100001100010101111001010111101110110011101111110010101101010111010110100010110010100101110101000111011100101011001111100100101101 
0110111010000100110001111000100011100100010011010000100011101001011011001111000100001011010111011001010001101010011111001000100111100101101000101101101110100010010011101101100100100000110010110000010010100000110100000000110111100010000101010101100111110111 
1110000100110010011111001000110011110001011001110110011001001010000110010001010111100010010011101001111010111001111010110011111111001001000101001011101000100101000100111011000111011101001101001001110011110000101001111110001110001011001110011100100001000110 
1001001111001100001101000101101010011101001110000000111100110010101000100110110100010010111011101000011001000011011001110000111110000001001011100001000010000100011011001010001000010101100100110101111001110001100000110001100001100101100010111100001001100010 
0100001101100001010000100001111010001001011011101001111011010001110101100110101101101101000110001101101111101110010110110011110010010101010011111100110001011011000001110000110001010001101111011110111011111010110111011101111011100101100100010000111010001111 
1100110001010101100100010101000001010000101001111101010111110001111010010010000000110100000111101110011001010110100010101011111001010011111011010001011101101110010010001111101101010110101101010000101101000101010000110010110010010001001111010001011011101100 
0101110101011101100011101011001011001000100101001001100011111100000011110110011101110100111001010000010010001110000100100101110011010101111110101111110100000001111111100101011010100010111110011101010010111101000110001011101111100110001000110111101111111100 
0001111101110011000100011101110101011100101000101000010010110111001011110011100011101100111011111011011010011000000001100000110000000011011000111101101001011000110111100001000011110001101101001111110010011111000010001101110111110000111100110111100000011001 
1010001010111010011100101101101100010111110001001001010000001000101000100111000110101110110010000010110110110100011011111101011001100000011110011001000011010000101000111100111010101011111010010001110001010101100001010011011010110101100100100001110110001011 
1110100011111010011111100010110100100011101110100001111000001011011001100110110001100110101110111100010010110101101100111111001001001000111101100011110000001010010010000101011100011100110010000010111100011111001011000110001011100010101011000011110010010011 
0000010101000100110000101100101000111111101110011110111001111011000111001111011000101010110111111110010101010011101000000000000010101100011101011111001111010010001001011101001001011101011000011000000001100011000000110100100001110001100001010000101111001101 
0101110110001000011001111000000011111000111001111001001000111011111001101110001011110011000111110100100000000011101010110011000011111010010001100100101011100111110101101011111100110100101000110010011001111000001110011011010101010001000110101001100111110001 
1001100010100010001000011111001000100110101110101111110111100001011000001111111010111000011000110110101001111011100111011001001010001001011101001101101110000010000111101101100001000001110011100100010011000110111110110001101011110100001000111001011111011111 
0101101010011111010111010001000010011011001101110100111111011011111010011010100100100001000110011011100100111010110001010111111001110101110100100001100110011110011000100100111000100110000101011001011111000011000001110010011101110100010010101101110011100110 
0111110000111010001101101011010111000111110110001000111100100100110110110000110001011100010000100011101110011101011110110100010101001101000101110001001011100100010100001111001101101111101000101011111111010110101010111111101110001000110010011010011111101001 
1010010101100000001100011011011001111010000101110111001110111010110111111000101000010010010111100101011011001111000011100000111110001010000101010000011010001101111010110100011110000110000110101100110111010101001100010001010110111100010100000010110001001100 
1111001010111111100001110001100100011101111010001001010101010000011010110001110011110010011011010011001011001010101101010010110111000111110101010000111001111000100010111100000010101101011100100101000101110111110000111100111001011111010101100101010000101010 
1011100001101111001010100111110011010000110111011111011001001011111111001001011101101001111111101111101010011101111111001101011010110101010111000000100001001111111001000001010101011010010010000110001101100000001010000110101111110000101010010011100101000010 
0000011001110111100111100011001001001000111111100010011100001001101111101110001100111000110111011101000000101001100111001001100101010010101111010000100110110111100101101011100010011101100100001111001100010111111000100000010011110001000100000110000111111010 
1111000001101001110010000110110100100110010011110101111001000101011010011011011101000101100100010001110010011011011110011011100111110110111010111111100110001101101011000110111011110100101110000100100100111100000010101100010000101100000010000100100000001010 
1010000000011010101100101011001111111001011110111010100101110011000100101101010011010000101011011100111011111011100101101010000110110111010010011100011010111011101000101010100010000101011100001011011101000001010110101010010100001101011011001100100100010110 
0011111011010010011110000111001100110001111001001000111011101001110110111000110010011011011010100101011011001100000011001110001001100010111110101010000100001001110100001000011101000100011001000100100010001010101101011100010111001101111111111100110101110110 
0011111111110011001000011110110111100110001101111101110110100101111011110111000111000010001010000000100111111100010100101100011111100110100000000100001001010011100100000111010101000001100000001111000100000000001100000001110001111101001001010100010010011100 
0011100010110110010011110100010000011010101001100111110001011110001100100100111100101100110110111010000001011000100111101100110111110000010010101010011111010100111100100001100110000011110001111011011110100000001101100000100111001101100000011111100000010010 
0001011101101001010111110010101101111100001011000101101011101010101100111101101001010001000101000101011011010001000000001000010010100010110111100010011001000010101001001000100101011011000000001101011101010001011010101011011011010110001001001001101011101000 
1000100111001101010011110001111001011111101010110101001000101111011110001001001110110011100001000100101011010000001010110010111011111001001100010000101101100111100100011101010010011101000011100010111010101010010001010001101100110011111100010010010110101101 
1111010000000011110010011001001110011101100011111010011110110010111100011110110001110011111001101011011101011100010100000011110101010100010111101010000110010101110100000010111000110000000101011110101010001101001101000111001001100111000001101101110011000101 
1011010000100110101001000000111111001100100000101011001100011100010110000101000010101010110001100001100001101001110111000000011010001111000010011100000010001110111111000011011100111100111001001000000011000000010010000110101010101100011010101100100011111000 
1011111101011111001010011111000111101010001111110110100011010000011001111011110111100001001001010100110100000010010101100101110110010010110010101110010011011010001101101110000001111010000100011110010011011100101001111111110101001100101101110011011011111000 
1001100100000011001110000111101000000111111000110101000111110110000010100110001110111110111101110001010111001111110110011010110000010000111101101011110101101010011011100000111000110101100010000000100100001010100111011000111110000101010100110100111010110001 
1110111111011111100111000011011011100100101110111011100111010110110011010101011111001111011110010001100111010010100011101110100111011111010110101110011110100111010001001111001010001110011110010101011001111100100110101101101010100000001001101010101010110010 
1000000101111011000000000000100000001100100000010100101101110001001110111100100111001010001111110000011110001001100001101101010110110100111100110100110100100110111111010101111111001110001011110110100011100111110011010010001100010001011110010010101010101100 
0011010111011001010100110011111100110010011001110101010101111001100100010100011010101100110101000010011000000101011001100100110111001101100010111111101110111111000110010100001010011011110001110010011000111100100010110011111110100111110110000010001111000011 
0010101101001110001000011110111101101110101100001111010111011101000101001111111000010001010010010110001010110001011111100001101101100000110011010100000010110010100011001001001110101101111101111000000011000100100011001000011111011100010111100111000001011100 
1110110011110101001000101000001011000010010001100101011010001100101001110000000100000101000000101011001011101100011000100001000011010101100000110001001011011010100010010000100000101100011000100100110010011001111000011000001111111100001101011011110001101100 
0100010000011010001010001100001001111011000001010000100011010111000010101111001000011101111111110101101001101001100100000111100101100011001110101000000101111001001000101000100101010101001101010110000110100100011100000000101110110000111011111111001110001001 
0000111110001101111001011111111111011001010011000000011010000111001011110101011000001100001100001110001110110000110110101110010111100101111110101111111010011010011101010000001000001100101100110101010001110011101111100110010000101001110000001110011110101100 
0111101011011111010010111001000000101000000110111010101010011110110110100011000110111000101010010100110100000111010110100100001001001100111110100011111001100110110000101110001010001001011010101101011111000010110110101111111100011011011001010101100100100011 
1011010100010111010000101010011111111100101011011011001000011001111110010111000100111000011010011101001010101001000100101111000100011010010010010000011001001001000011000011111111110100011100110000110111000010000010011111101001100001111110010101101011111111 
1110100100100010000001000111111000100110000011101011010001101110111100000100011000011000000011000001110100101001001010001100010100000100110111111110000111110110011000001010100000001010001010000101110110000000000010001111001110110000011010011111100010110101 
0110010001101100001001111000100100101011001110111110111000110010000111100110100100001110001100011001100001110000000101010111010111011111011000100101000101110010110101110001000010110110000011111100100101110001110101010001111000111110101111110100100010001000 
1100100111011111111000001110000010111110101110111100010000100111111101100001001110010011001100100001010011101101011111101100111010100100100011110101011100101010001010000010011111001110011000010110001000001101101100101110110110101010010001000010101010110000 
1100111000101111100001001011010001010010011101110111000001011100000010110000110111110101001110011111001110011011010011110100101100100011010111010110110010111001011110100001001010101100011010110000110000101001000101001110011101101100010111111101100100011010 
1010001111101001111001010101010001110011100001110000100101111001101110010110101001000101100100001011110000111001011101100110011000010000100100111100000101111010100111000010010110010000011111101110111110110001110100111000110010110100011000011001100101000110 
0110110010011010111011001110000011110011100000000010100000011010010110011011010111111010011111001011110100111000001010110111101101110010011100000100001111001111100100110101001000001001011011010110000111110111111100000110100100010101011110101111001111110010 
0000011000010011100000110101110010010101011110001010001010010110111101101100100001100110011100101011000101101111001101010011111001011110100001100001110010000110001011001010000100110111000110100001100001011000000011111001110111001010011011110010100100111111 
1010001001010011110111001010111000100000010011101111010010011000001000011011101100001111011110111101010010000101100110001011011010001001011010010100001000101001110100001111010000011000000001001011111110100010110100000001110010010010111100110000011010001101 
0101101010000001101011010100101111111110010010010111110010100011110110101111100111101110100001110110100110000110110101111010111111110101001000111100100110000000011111100101001011011011101111011001000101010000001100101010010001000100110001001000111110101100 
0101000110111010001111110100101000001010110000110011000000110111000101000101011111101011110100000110001110100001110101100111101111000001100110100110010110110000000111000111100101111010011010001110110011000010100001000110110000001011101011111011111110101001 
0100001100001000010001101001010111001010000010011110011011100100110110011010111010101110100111111010001111111011101001001001100001000000111000100011011011001111110101011101101111010010001010001000100001111010000001010011010110011100101111111001001001011000 
0001001111100101001000100100110110111001010101101001110011101011101111101111101100111000110111111110000111111000111101111101011010111011011000111100110010000011000000111000011001100011111010101111011011011010000001101010011000001010001101010000010110010111 
1101101011100001111010010101001000011111001110111101111000100100011001011100110000110110010010000100111010000111101111010000001111111011111110100001000100110111101110010010100001000000100010100110001010111101010011111101100001011011010011111110101110110100 
0011101111111111101111110000010010111000101100000100111110010110100100101100100110000000011001011011110000011000001100011000110001001111111010000001010011001001110100001101001111110011000000100010010100000010011011000111110011010111001110011000011110011011 
0010011000001111100011110011111111111110000100111100001001000001000101010100100011000101001010100010110110101100010010101111101000101011101101100101110111000110010011101110101101011010000010111110101110100010001100101100111110100001111110000111111010000100 
1000000011011111000110000101001101010001001111010101111010000110110110011001100111000011111000110000111001110110011110010001000001000100100111011000001110001110110000000111011100001011001101111011010110101110110001010111110101101011011010101010000011101100 
0001110010011001110111100100101100110110000010111010000000111111010100011111100001111010001011001111000010100011100101110101111110101110100000011100011111001110011000011111101011111100010111011010010000010011001010111110100001101011011010101110001001001010 
