1100010110110001010101101101111010101101010011101100111010111010001110010011110000000100101001100100011011000111010010001001110100000001011101110001110111000011110100100100101011001001101011100010011101011110011111011000110011111011001110000010010100000100 
0111010000011001101100110101001000010111110001000010101011100010101010000011110111100111100011000011110010100000101110011001110110111010000100101100011000010100100011110000101110010100011001101000010001101110000100100101111001111100110110111100011111101010 
0011110000001001101100101110100101011000101111110110010010101110101100001011101010111001001000100001110111110100011001110001011101100000111110100011110101110101001011010110111011010000100110110010010111011001101101111011000010110011100011011000000011111110 
1011101011000010011000001101011100000111001110000001110010111111001100111000100110011010001000011111001110101001100110000011001010010011010110000101101101100010111000110101001000011100010000110111001100110001010110001001100011110000100101000111101111110011 
0000101111101100100000100010100011001111101010100110100110001010000100100001110011100111111111101110110101111101101101111110100110110100000011101000001101111010011101111010001100011110100101001001110000101110111101100100001011111110011111001100110011111100 
0000010001001110011001101010010111111001001000110100010101111100111011110101010001101101011011010110011110111010101111010000110011010000000110001010100011001000010111001001101000001100111010111100000001000000010101111011000011010000100100011001001110001011 
1100011101000110000101110110010011000010101011101000110111101101000010110110110101010001010100011011110011111010001001111110001011010010000001011010110000101000001111011101010001111000000111101001001111000101000101100011011111010101111101111011010010011010 
1011010111111000111001001101001000101011101101010100101011010111100101110011101100101001010010110101001000010101010001000100001001001000101001010100111001000110000001111011110110000011110100010111010011010110011011100101011001101111111101001101011001111100 
1010000001111011001110111110011001111110110010011001011110001100110100001011101100111100010111010100110101011100011001111110000001100000011111010100111011100101110011100010101000001101100101111010101010110111111111000111111000000101101010101100111000010001 
1111110100000011000100011011111010100101000000010110101111101000000100011101010011011000011010110101110010010110011011001010111101001101101010001011011110110010101000010010010010001101011100100100101110110010100100011100101010011001010110010001111110101010 
1000110110011011101010010110011001101101000100011110100001010000011010011111000110010110100011101010110100111001101001010010010110010110111011111101100011011111110110111000000101010111001101101110000110111010001011101111101111001011100110101001100100111111 
1010110011110011111110001000100101111001111011010110011100010101101100010001111100010100100011110101001100100101111011101000010110101000011011111011011001001011101100000111101001001110011110111101001100011010001010110101111010001100110101011110101111010100 
0100011100010000010110111101101111001010101111011110111101101111010000101000110001110111000111011110000100001010110010100011001001100101010111111101101010010001111110011000111111101001111001010111010110000011010011100100010110010011100011010001000000111110 
1011000001100011011101101110111111100011101000101110010001010101011011110110111010100011100101100010110000100011011000100110101001000011001101110100000001011101010110000101011000000111010000010011001100000010011010010010111100000000111001001100100110011101 
0011111010000110111101010011010111100010101110001000101001110000100001111000011001010000011010110000010001001111010011001101100101100110010101101111011000000010100111100010010001000011000111011111100011110011000101110100110000000010110011001101111010000001 
0111010001111000000011010010110010001110010010111101100110001110111100101011011010011010011011101011000010010101100011110010011110010111100011010100001000001010101001111101000000111110000011110110010001001101101000100010100011001000001111010000001100011001 
1000011110111110111110011001101000100001001111110100001011111011110001110001100000000010110110111011100010010010001011000110101000011000001101110101011101001000111100000010110001001111010111111000000110000110000111011011011011010101001000011110010111011101 
0101111000110010101010110010110111000000000001101000101100010010110010111001101000001000011101001000110110010001101000101100101010111001010111011111011111110010110101110101101010110000100110001000000101100011100011110101000010010011010110110001001011010011 
0010000010001111010001010001001111110100101111011100010010101010100000110101000011111101110110100101101010111110111011011110111110010000111111110000110000011001111000010001000001000011111011111000100000011110110001001000011000110001001001100111101110000010 
0011110001010001110110101111111011010011001011010110110110011001111000011111110111001110110001100010111011101001000100100001010001010000000101110111000010100000101000000000011010100001010101001111101000111110000111100100011000011011111101010100010111110010 
1110011111100100110001101011110000000011101000001110011100000110100100010101110101111001101001101011101111100111101110100101001111111010100001001000101001101100010010011101010010100100000111101011001101100001010101100011101111010000101011000111010100101101 
1001000110000011011010111010100111010111010100010100010101101010011111101101110011111110001010110000001001111001000000010000000101010101001000010101110010111011001110111010111100111010101110111000111101010101001100000011011110111110001110101000000101000100 
0101011111100111111101010110000010110000100101110101110000110011000100111111010010100111101000010100100100000000101010001100011011101110111111001101011100010110010001011011001101001001110110000010101101010011110100000000101011101001101111011010111101001111 
0010010011101111110000000000000110010011100001010110101110100010000000111110101001110101001101000001100001110110011001110001000101000011110010110010110010110100110011011010111011101100110100001100100100111000000111010100101100101001100101100010101011001000 
0011000110101100100111010100110000000111110011001011011011101001011000001110110111111110000111000110010001111110011010111100000101000100000110000001000111101000111010111101000010111011000001000110001000010011010000010010101111110010111011110010000111000011 
0100011000110001110101010111011100110100110010011111001100101010000101101101010101110001001011001110110100111110011010110111100110111100100001100101000000010000000010000011011000010011111100111110010100010000000010001110100111010011011010010110000110100010 
1000010110011011101000111000010100010011100111010101011010101101101100010011101101100100110101010010111110001101111111101001101101110100101011010111011001101110000101001100010111010011110011001111100100010100010110000010110010010101011100100110111100101011 
1011000100111011100011011000000101011001011001001000011111001110000100100101100001110000100100000111001001010100011011101111111001110111101011111001011111101100110111001100010001000011010010100101110001100100101000111101011000101111001110101110011001011100 
0110001101011011011001100010000001011111011010101001101000001000011010110011001010010101110100110100010111001000001011111101010110000111110100101100000111100000100111100100010111001000110110010110011100011101101011111101001001001100000111100010011000110101 
0010010101011101001101010111010111001101010100100010110100000110001100011100011011000101110011101111110101011101111000011010001010101101100011101010010010000111101111001010010001001000011100011100110111100111100000100111010110101100000110100011100000110001 
1100001101011001111111000100111101000001001111110101001100100111100101011010010101110000010100100111111000101111001011001101010000111101110001110001101001010001000100110010110110110010011011111101100101100011100110001100101000011001011001111100110110101101 
1100100110100100100010101001111000011011111110000101011100111100110001101110000010011100000110011100111110101111000001000001100111010111100110111010110010001001111001101010010100010010010110111111101111110111010110111000110101101110010111000001000110001010 
0001111000001101001101001011000011010011001111100001011111011100101101100110000110001100111010001101111110110101100010100011011001001011001101111111111111011001110101100001111010100001111100000010110100100011110010100001000110111001100000000000011101111100 
0000101010110011001111111000011011011100111100100101010110100000011000010100001010010100011001000101000100100001011111100000101001101010111010111000000101010000000101001001110100010001001010001100010100001100111100100010000010000001111001101001101100010000 
1100101101011110011000000011110111000100000010100101000111010000110110000010101000011010011110010001111100000111101011100011100100101010001100001101011111101111010101010010111010000101100001111101100010011001110110011101001101001110111000010000110100101111 
0000000000110000000010110101100010101000100000010010011110011001000000110011010100100101111000010100001010110000001011011000010100010110101100101011011110110111110111001111100111011101101001110111000010000011101000011000100110001001101101110101010010110101 
1110010011101101111000111001011101000110000011100101011111110100111011000010110101001000010110100010101011001010101100100010001101001110101011011001011101011010111101100011011111011010101110111000001111011000100100000110101001101001111011111111110111010110 
1100100111110000000000100100010000101000101001010101010101100101101011001101001011110100011000110010110011110001010101000110001001001000111000010100010010110100100110111101000001100110001011101111000000110100110000001100101010101100010101110101000011111010 
0111110100100011001010101000111010110011101101100001010111010001110001100010110000111110011110010110100011011101011110100101011001000011010011111110111110011001110110010001101100110001001000101101001110100111001100100110010010100001110100110000110001001010 
0001000000000011110000101010000001011001110010000101100011011000011011110101001110011100010111101110111100011011111011111001111100100000101010111100010011111011010100000111001011011111010001110000101110101111011100110110000001111110111001101111001100101100 
1110100111001101110001110100001001110110110011111101100011010011000010010110101100100111011000111110101110111001100001100100010100111010010101010011101010111110101000111110011100000111000011000010101101110101011110000010000000001010100110011011110100111000 
0001001010111010110000101100010010011001011101001010110000010100100000000010000111011110001010010100001101101001001001101010000101111011000001010011011011110111110010110001100111000001000100101000011011010001010100111010011111001101000101111001011100000110 
1110100000111101100110101111001010111110100000000110011000111101011110000110101111111010110000100001010100110010001011011111110010100101111011111101100011111110110011011110010111001111000001100110001100001101101111101100000101000111111100011011101100010001 
1000101100101011011011010011101111000100001101100010100110010110000001001011110000000111110011110000100100101001000111001100001000101100010010000010111110101101111100101100100011111100011101101010000100000100101000011010100101001101101100011001101010110101 
0110110100010010000011000111000011101010101001100001000111111011111100110001110001111100011101001001001100101001010001111111010000011001100111101101010001110001000110000111110111011101110011001000100000101011001101101110111011000111101010000101111101111001 
0010110111101100000001111100001111100011011100101000100000011110001000000001101000001010100011000011010001100011000010110101010001000100011001001011111001001111100101000011111000110110101110101110111000110101100010100011100111001011111000101001110010101010 
0110111101011001111100011101001110111100101111101011111010000010101001000011100110110001011100110010100010000000001010101000010101010001100011100010001110001010001111000000011100001100010011000100111000001010000111001110110101010111101010011001101011110110 
0000101010000010010100011100100101100100011001110111011011001110101001111011000101001111011111011110001010100011001111101101011100010011111101111001101110001100001011100101110100010011010111101100101110110011000110110100010001001011100111011001010011010011 
0010100110000011100110100111001100111000101010010100011100110110101010111100011101000101111010011101011001101011100010110111001100000001101110001100101001101001110110000001101101001010011000110101000100111011101101111000000110011100100101111110100110001110 
1011001010011111111010101100101001010011111101011000101110101000110000001100011000011101011101010111101000010000000010101100011011111011011011111111100011110010001010011101011111010000000000000101100110101111001000011010011001001001111010010111100011011111 
0010110010001011101110111000100111110101010101110101000001010101000111010100101001011011011101010001100110111001111001111111111001010001110100110111100011100011101100111111000100100110000110000100010011011111100111001111010111100001111000001011101111111101 
1010101111111110111101100010010111101011010100011010000101010110011011111010000101100010010010101110000100011000100100011110100101011000111100000100000001110000010101110011001100110011110110001100101011110000101110111011111001010111000100111000001100101111 
1010010001101110010000101000100000101111101101110011111100101111100100000111011000110100111000001001100001110101010001110001110100001110111101000011011010101101011110110000101111011101001110010010011101011000000011101011011001001111011110110100111100111111 
0011010111011010100011011010001000011000000000011111100100001111011000000101100010110111001110101110010110000110101010101011011100000000010111001100000101011110011100011011010111111001001101111100000011000111001000000100110101010011000101101101111110001001 
0010111100111010010011101110111011011011110011011100111101101101110001100111000000010001100010111100011011001100011110000010001010000000011111001101000100010110111000000110011110010011001111000000010101101110111000011001110000000000010101010111010011110101 
1110111000100001010101011001010111111110100110010011001101100000101011110011000110010110011101110110100011000100010111011000001001100001101000011000111011011111100111010010000011101100101101100010101001000111011000011110010110001001111101000110011100010010 
1101000110100100100001110100001010010100111000101100101111001000001010011000110011111000101001001111110110011010110100111001110110001110100010010100011011010100010100111010011110001110000100001111110101100001000101111000011011100111000111100110100111010010 
1111011110010111010011111010100011110111101100100111010110110111101011110001110101011101011110001000101001111100111000001010111011110001110101010100111110011010001110001100011101000101010001010100001101110101100100111100111010101011100010001101001110111011 
0110010101101001001111010001111011100001000000110100111111110001100110011110101001001010101101110100110011001001101100010111001100111011111000011011101001001000001100111110101011011101000100101011010001011100101000001100100100010001111111111000010100001000 
0000110110101010010111010111100110100100101001110101010001010110011001010001101001110100111001100001110010100001010000011010001001000110010111001110101101010100011101100000101001100111010110111011000011011011010011111100100110011110000001100001011100111100 
1010101011011100100000111010011100100100101110010110000100011000000100000111100101010110111010101011000110111100011011101000011101101110111100101001001010101111010010010101000001010001011110010010010011110010101101101011011101010101010011111110111011001000 
1100111010010100100011011010101101110100010110001100101011011101101011100000101010110111111001111101110101000010000010010011011111001101101010111101101000110011010001011100100011100110100110111001001100110011011111010011101101100010100011000010010000111110 
0111000111001110100110111010010000011001000000111101011001001010101001111011011001101110101111000010011111011101000011100110010100000011001111111001101110111011101110111001101010001101010010011011101001100000010010010001100100011001110000101101010111001011 
1111010111010010001010010000101100111101100100001000001111101111010011010100101010100000011101110100000101010010011001011110010100010000010001100011001010101111000110100111011001100100001001001011110111110011000100101111011100010101110011110001111100100011 
0000110011000011100111011001101100010000010110100111100010101100001100100000001000000010101000000111100000001100011000100101011101010101011100100011011100000000111111000000010000011001100010110010111100010110011101000101101110010010010011111010101001101001 
0100111010000101000111010111100111010001111100011011011010001000101000010001110101000011010000101001001101101001000000010011100110011010100100111000011000001010001010110001110011001011110000011100100101001100101110101111000000010100100101111100001001000110 
1100110101011011100111110110111111000001011110101100010000001100100011101101111000110011101010000001101010111001111011011111100000111100110100100000000100111000011011111110011000111011001111101011101111011101110100110111101010010111101111010011110100001101 
0000111110000010001011100111111000001000010100101100001011100100101001110010101101100111110010111111001111101101010011001101101111001101000001000101010101101100011100000101011111011110111101010101101010100100101110011101100100111011010000100010111000111010 
0101100100010011001010100000001011001001101001100111000100101111010110000010010110010110000000100110100001010100100111011101001010110101000101011100011101000000100001000110011110110000101111001100000000111010011100101010001101011011011101100000110101011111 
1011010011001100011011000110110110110110011010100011101011101101011001100110001101011011100101001000101101000111010111000000011110100001110101101101111011111100111111000110011101111000101110100100101000000101000100001111111000011100111001100011111001001111 
1111110010010001111101111110110010101100010110101101010010100110100001001100001010010000001000001011000101100101011011110001000101000001011110101111110011100111010111001000011001011111000001010001100001101000100010111011011111100110001001111011100110001100 
0111011100001010100011011001000011001110000111011010100011100011110010111000100101001111000101110110010110011011111100011001001000100001010110011101011011011010111110101010001100101010110010010100001110101011100111101011010110111010011001101111000111010101 
0100001000011111000010001001010011100010110010110000100011000011100011111111000111110001010011001000110000000111011001010100111110110101001100111110011001010100111100111100011100110100100110110100001010100111011010000110101110011100001010110010011001100010 
0011010011111001111101010001100011101101011111001001110100110001110000001010100101010001100000111011111101110111000001111000111011110100100101010010000010001000001011010100010011111101000010011111010001010111001010110100111011000000100001001000000111110010 
0011011101100101011000011011110110111000110010111000001110001001011100000010011111000100100100101001011111011100110011000111001110100010110111010101101010100100001001001100101110010000100100011111011011001111001100011111101010101101001011010011110101011010 
0011011001001000110011101101100110010110101111110001011001001001100001011001111010011010001001010001110110000111111100101000100001100010101001111110010001010101110111101010001011001100001110110000111101101001000101110101100010010001101001100001111100010100 
1110011101111000000100100101010110111101110001110001000000100100110110010011000110110000001001000110000100000111010000100100110101001111110000011100010010100101100011110000100011110100110001110111101011011000001000111101001111110110111000111010111010001110 
1101011100000111111101111110001101110011111111011100111011110011001101111100011100001000100101001100111110110001101101010111110110010011000011010110101111101011111011011001111001110110011000000100111011101000111100011101010111111001000011100011101110101011 
0100001100111100011011011101111100000101001010110000000010011110101001101000101100111111000010111011000000110101010010101101001000110011100100101101100010100001011001011001100010010110010000111001100110110001111000010000111011010100110001011111001000011111 
1001011100011101000000101000111010001110010111001010011001000110010001001100010110111111101011101001110100011111110100000111101000111010010000011100001100001100111001111110000101100111111011111101110011100000000100110101010111100001000000011111011001001010 
1000001010110110110011100100001101101001110111010000000110111000000101011111110101001001111101000001110101010011000100111110111111001000101000110010000011101101111111100111101001111000101001011110110010001010111000000001000100111001010101110111010010011000 
1001111001011101001100010011001011101100110100001000000011111111000101110101011101010101010011001001110011101011010000101111000111100010101000011011010010111110100111110101111000000110110111110100110000011101110110011011000000111010001010000111101111010010 
0111101011001111001111100001110100000111100100010111101001100111001100001111110010101100101000010111001100100010111101001110011100101111110001111001001001000011011101010101100011111000111110000111000111011100110110011010111111010001010110101011111111101010 
1101010000010100110001000100101011100101110110110011001100101100100111000100101100110101111010010111110100100001111100000110010110100000101111100001001110111000001010011110000101110100000111111101011010110100000100101110000000001110101001001110100100111111 
1011111001111001010111100011000100011001110001101100110001001111011110100101000110110000100111100011001001001000010101010001000001111101001111110001001110010101000010010100010011010110111111001100100001011011001011111011110111111110001011101100101101000101 
0010110011101101011001010100000111100010000001010100011110100001111100101111001100101001100100100101000001000110011001110100000001110010110001010011010100111001011011001100010011001011011001011101010011101000010010110000010110111000011111000011101000011111 
0000110011011010000010001000000000100010110011110110010011111000101100001111101110101011110001000110110000100011000011010110010100011000110100000111101011111110001100110011111101011110000010101101000110011010010110111100000000001011101011000111001001010100 
0101011001100000010011111000110111000100100110111100111101010010100100010110101001001100110010100110010110110001100100111001011000011010010111000000110011010010111110101001001001011010110111010010010001100000101110000111100011000011110000101101101010111000 
0011000000010001010101101111100001100000111010010000010000111111100101111101000111110011110011000100101101000101001100011111111100110110110100010010011100110010101101100110110111000111111010011001101100000010001001000010010101011000110011011001110011010000 
0000011010000111101101010111000110000100000111010100111110100100000110001000001010111101111110111101000001110111111110001100011001000011001111100011011011011000111000101000001011001001101101100111011001010001011011110100000101001101011000100011111111010101 
0001001010110101001101110101101110101001110001011101101101000101110000011001000001011111100110110010111000010100111100101001001100011110001011010111011111001100101000110110000111011010101001111010010110001110100010000001010111010101110111101011100101001100 
1011100000001101111001001000111101111010110011101010001010011010001110100110111101000111010010100110101100100111101011101001101110111100101001010000001000101001000111011011100110101111011010001011111010001001001100100000111000101110101001101100110011100000 
0111110111000010010100001010100011010001010111111010011110000001010111010101011101111001111001111000011111101100001110010011010000010111111001101100001010111111010010110000000110010101010100001100110001111110111100010000000011110111001111110111000000101100 
1101001000000001010101110110001101110100010001001111001110111000011101101101000000010010011011100010001001011010011000010000111101001000100010111111111101000001111110100011111110111111011110001110000101101010110100100100001000011001101011111110101001100011 
0110000001100011001101101111001100101001111110000000100011001000010100101100110001111100111111011011010001111010001100101010101001011001010110100110000100001100010110101110110110011110111110110011111010010111110101010110000110100100100111111110110000001010 
0001100111100110010100111010000100000001000000000001000111100001101010110100011110101000101110101101101010110100000110111101010010001011010100010000110001100100000111111000011101101010011110111100010001100000000110000011110101110100110000010000001001111001 
