10000000000000000111101010000100000100001010101100101001100001110111111111111111000011010101000001010000111111110101011011100000010110010111010011101000110100101100100000001011110010001000101011010101001011110111111111111111000100001110011111111101010110101010010111001011011100000110000011100100101111101000000000000000011110000010001011010110010000101101100011001011011111111111111110000010100101100111111111111111111101011110001011111111011110111011000010011000010010111010011101001100001010010111111111111111 
10000000000000001011000000110100011111111111111101001100010100110111000010000110010000011110101001101011001001111100101101100110011111111111111110000000000000000001110000001011010101000110100001111111111111111101111001100010111001110110011000111110011111110110101011001001100000000000000010000000000000001101111110010100110111110000110101000111100111011010110000000001011111111111111111110011100010011010000111110000100000000000000011001001101010101110110110110001001001010000000010110011111111011010010111001001 
00100011000011110001000110110001110100111000111100010000100001100011000110010010011111111111111101101011000010100010111011101100111110000101110110111101111111111000010100011100101001000001111001001111011110110010011111000011100000000000000001100000000000100111111111111111111000111001110000111101010100111101001011101101000110001100110111000011001011000111111111111111001000000001011101100110110000011000000000000000100000000000000010010111011111100111111111111111011111111111111110000000000000001001110111011001 
01111111111111111011001100100100011001001110100101111111111111110111111111111111000001001101000110000000000000001010001001000111111000111100011001111111111111111010010101000110011000000100001000000100110101010101000011001000100000000000000011101011101001010001011110011011100000000000000000001011001111011000000000000000010101011011010001111111111111110001011111100100100000000000000000011001010001001000000000000000111000101100011110111111010010110100111101000000110110110011101001111111111111111101100111001001 
10001011011110010111111111111111011111111111111101101111001110011000000000000000110101110100101011001100111000011110110110001101101111111011101101101100001011101000000000000000111101111011100001010110101110110000001101111101011111111111111110000000000000000111111111111111101110110011001110011110001011110001100101001100101111100101111010000000000000000111000001010010100111010011010111110001010100101111110011000001011101111011110100110010100100110111001011111001110100100100101101111111111111110001110101011101 
11100111011010010101001100101000111111101001000011110101101101101011101110010011100000000000000000111111101010000111111111111111001110100110101110010101100001011000000000000000110100010011000101011001000111001001110010110010011111111111111110000000000000000100000011001011011111111111111110011010101011110110011111111001100101000100010110110111100010100000010011001000010100101100000111001111001011101110001001101111100000101000011011110101101101011111110100010110010100011011101000100011110100001110010111100101 
11100100111001000111111111111111011111111111111101111111111111110111101100000001101100000110011011000010100101000010111100001110001011100111011101001010001100111101101111001111100000000000000001100010011011011000000000000000011111111111111110000000000000000111111111111111000110111001101010000000000000000100101101101111110001111000110010000000000000000111111111111111000000111111101000000110100010101100111100110100111101100100010100111011010111111000100111101111010010010000111101001111110000001010001100100010 
01111111111111110101001010111001100000000000000001111111111111110111111111111111011111111111111111110010011110100100000000011110111010010110011111100110001110001000000000000000011101001010110110111001100011110111111111111111101110100001000100100101000100000011010001101011010000011110000110000000000000001000000000000000011101010011011111111011010101100111111111111111101001000001000100110110110000001000001100100010101111001110101010100010110101110110001111111110011110110000011101111111111111110100001001100100 
00010010111100011011100010011110110100100110001010010111111011110000000010000101010111000111101011100101100011101100111110100110110110001101110101111111111111111011010011101101011111111111111111010110011100010111111111111111001011101000010000111001111000101100110111000001000000001111011001111111111111110000001011010100011101010111000011000100100111101111011110101010100000000000000010000000000000000110111000010001011111111111111101101101000101100011110100111011110001000111100100110010100111000011011001010010 
11110111100010110001001111100111100000000000000011001111111010000100110110111110001011101010110001000101000101100111111111111111011111111111111110010010000000011000011011100100001110001001101010001100100001100100001010000100100000000000000010111110100000001000000000000000010001101111010001111111111111111010010111100010011111111111111110010011111110001111111011111100011111111111111101111111111111110111111111111111001011100110001101010110101100010011100000110001001100101101100010100000100110000000110010111101 
00010001100000111001111001101010000011111000100001111111111111110100011010000011000101010011011111010101011010001110101101101101111000000001000111010010011000100101111100110010100000000000000010111010001000000101001000010100101101111011000111101111111001010111111111111111100000000000000010000000000000001110011001110100100000000000000001000000100110110100010011010000010100100110001101010001011010111111101100110001011111111111111110101000000111111101011101100001111111101000100110100100101111010110000101000000 
10100011110010001011110011010111101001010111000010010111000111110110011111011001011111111111111111001000110111110111111111111111011111111111111101111111111111110100100011101010010001101010011100100110001001100111111111111111100000000000000010001000101111101111010001111100001101110000100011111111111010101110111111110101011001101010011010101110011110101000000000000000100000000000000001111111111111111001001100100011101010100101100001111111111111110101011100011101100000000000000001010111111000010111111111111111 
10001111001000100101110001111111110110100111010000001001000001001000000000000000110110011010011111101011001000000110011010010111111001111010110101101011001000011111000001110110111010001110110101101100110001010101110000111010101011000111000111001010000110011000000000000000101100000000011101111111111111111110001000101100111111101111001110000000000000000100110010111101100000000000000010101010011011011110101110100011001000001111100100000111111111100111111111111111101001010000010101100000111111100111111111111111 
11100110011000111001101010010001011001101000010101111111111111110010000100100111000000010010001001001111001110100100000100101001001000110101011010011000011010001100100101101100011011100011100001011011001010001111101111100011111100101101011010100001110010010111111111111111100110001111010010000000000000000100001111001110100000000000000000010101001001100101001111110101101011110110010100111110100000011010101011010010100000000000000010000000000000001111011001110101101011001000010011110010100100011100010100101101 
01110001010100100111111111111111011110111000011001110011001011110111111111111111001100111100100011000110101000000010000111111110101101100001001000011001110001101101110100111100100110101010111001001100000100110011110000111110101101101010011100000001100110010001100001000111100001000000000111001110011110101000000000000000110110110011000110101101000111010111111111111111100000000000000011010100010011100000101110000000000101100011010101010100001100101101110101110100100100101110001101111111111111110110100011100100 
11100110110000010100100101011101110100101100101101011100100011000111111111111111011111111111111100101110101110001111001111111011000100101101101110000000000000001000111110100101011111111111111101111111111111111110011101001011110110001010010011111110110110101000000000000000100000000000000001011001001111111110111101011100011111111111111110000000000000000101011001000100010010001100111101111111111111111000000000000000111011010111001000100110011101111110000010110111110010000010001001111010001100100111111111111111 
11100110000000000111111111111111111010101101111011010011110100010010110101100110011111111111111101111111111111111000111101101011001001010100111010000000000000001111110100111011010010000110001100111111001111100010000011100010010111101100100101100110010000100110000101110001000101101011111111010011010011101000000000000000011111111111111110000000000000001000111100111101011111111111111100001100111010011100100111101101111000101111010100000010101100100101010011111111001110001001000111010101000100111011111010111000 
01111111111111111100111010000001110101001111011100010100110010010110001111001010000111101010100100101010101001101101101001110101100000000000000010000000000000000000100000100001101101111001110011000111001011000011001000111011111110101110001001111111111111110100010100110001111011001010100000110111001010001000000000000000111100110100110001110011011001001110000101011111000010000100110110100011100101100111111111111111000000111001011100011100111010010011001101001000110101100011010010000000000000000100000110111110 
11011101110110010011110000101110011001010001101111111001101011111011111100010000110101001110100001111111111111110010011000001011101111110111011111110110001110000111111111111111110001101100001010000000000000000101001101001101000011111100001001000101010011011111110010111101010100100110001011110111111001000000000010000110101100011001001001010000001010001101011010110001100000000000000010000000000000000111111111111111010000010100110100011101001110001110000010011100100000000000000010101011000000000001111100000111 
10110110001010000011001001010010011111111111111110011101111000100111111111111111010011011010110011110000111001010001000000111100011100001111110111000000010001110111111111111111100100010000100000001110110000010111111111111111000010001111100100111001110100110100001111111110000010110010011011001101000011001000000000000000111000110101001111110110010111101111101101010001011110100010000010000000000000000110011000100100101001110001110101100010110000111111110100100001100000000000000010000000000000000111110000111010 
11111100000011111101101010011111101000101000011000000001111010100101011010000001011010001001001101010111111100010001101010111110100001011100100110110011100001010001000001010010001001100010110010000000000000000011001101111001100000000000000001111111111111111011110111110110110011101100101101011110010010100000000100111110011000001100000100100110010011001110101011001001101110101010101100001001001110000100010000001010011111111111111100001111110101000001000011000010000101001001111010000000000000001101000010100100 
10011110011101111000000000000000110111100100010010000000000000001000000000000000110110101101101010000110110111101010001111101100010011001010010101011010100111110111111111111111100110000111101000101000000110111000000000000000011111111111111101111111111111110010010110001011011111111111111110000100011010010111111111111111110011000000101001010100011110101110001100000111010110010110110010000000000000001101111100001111110110100110101000011110111011111111101101101000011111111111111111000110010100111010000000000000 
01110001110000001100011111000100101001010101001111101011110101101000000000000000110101001100100010000100100010111001101100011111111000100011111110111100000011101000000000000000110011111100111011101111001101110111111111111111010101000001111101111111111111110111111111111111011110010000111010000000000000001000000000000000111000101110010110000100001000000011110100001001110101001110101010001111010000000100101101100110100101101010011010101010110001110111111111111111011001011101100001101111111111111110001000100010 
01111111111111111001001011111001111111000000010001111111111111110100001010010011110110111011100110000000000000000010010000011010010100010010010000100110100001010010111100110110100011111011100101111111111111111100011111101000100000000000000000001010000000000110000110000000101110000101000110111001011001000000000100000011001111011110001001010001011011100110001100001001100000000000000001001010001000011010010001011000011111111111111110000000000000000111011110000101111000100101000001111111111111110111111111111111 
00001010000000111010111010001111111011001001110101110101001111110101001011000010110010100111111011010110100001111111111001101100110100010111100000001001001101100001101000100001100100111010010100100001110010110100101010111001010110101100111011010010001010000111111111111111100000000000000000010110000010111011101011110100100000000000000000011100010110001110110000101001001100111000111010000000000000000010111101011110011111111111111101100011110010100000111100010110111111001110010011100101011101000101010001110011 
10000000000000000010110010110001010011110110110010000001101110000100100101110001011111111111111110111101110110001000000000000000110001000110010110001111011101010010010011100110011111111111111110000110111110111010111100011001011001101111001001010001111011100011011000010101000001110101101011111010011001100010101001001100010111100100001010000000000000000110011101011011011111111111111111001101011010010111111111111111110101001000001100011111011001100000101010011111000111101110001010000000000000001111010111011110 
10001000100110000111111111111111011111111111111101111110100100110000100100010111100000000000000010110111001100101011100010010001110011000010101101101001000110101110011110000010101001011101101001010110111110101101000111100011011111111111111110111100010000100000011001010011101111001100011100001000011100101000000000000000011111111111111111011101011111110001100010011001101011110001111110000000000000000001101110010111011101000110011000111001000011011010001000011001000101100100011101111111111111111100110100010001 
11000100010101000100001101101001001111001111011011101101000000011011100101101111100000000000000011100110101101011000000000000000100000000000000001000111111010000100101010011011001110100110111010111011010001101000000000000000100000000000000000100011110010100000000000111010100011100010001001010011111111000101010100101000110011011000000001111111111111111000000000000000100110010010011101100111100001111010100001010010111000000101001110101001010101000101101010110000110000110100010011110101000111001000000000000000 
10100111010111011001111000101010100001100100111011111110111110001000000000000000100010110111101001100010101110101100100000110111100000000000000000010101110101111101110010010111100000000000000010101001000011001100110111101000011111111111111101010001111001010111100110100010000110000101111000100011100101110010110011001000101000010110011001111111111111111000000000000000001101100111100010000010111101011011010011000001100000000000000011010100011110100111111111111111011111111111111110000000000000001001011010010111 
11011010010010001110000011111011100000000000000011010110001010010010000011101001001000111110101101011001100011011101110001111000111011101001011010000000000000001000000000100001001010000101100111010110101101110011100111011101001000010100000101111111111111110100100101001101110110110011111001111111111111111000000000000000101000100111011111101000100100110000000000110100011001100100001011100010001010100111111111111111000100111101101110010101110011100100001111110111011111111111111110000000000000000011011110001011 
00011110011101101000000000000000101101100010111011101001001110011001011011100100100000000000000010000000000000001000101011100011100101110111110101111111111111110010000000000001111111101011011010010111010100000100110100010110010110001101011000001100110100010111111111111111101000010011111111010100100011010001110001101111110111010011100100111000011011101011011100111011100000000000000010000000000000001111111111000101011111111111111101111111111111110111111111111111010010010100101110011001011001110111111111111111 
00110101001110001010100010101110101010111000010010000000000000001000000000000000011111111111111111110110111010100101101000111100011111111111111101100111000000010101010111010111011001100101001101111111111111111010100000010111001001111010111101001100100001100111111111111111111110101111010011111010110001100011000011100101100100010111101001111111111111110001011110111011111011000100011001111111111111111010000010011011100000000000000001111111111111110111111111111111011111111111111100011011000011001010110100000010 
