01010110011001111011101110101100111010110100101100101010100010110100001000001010100000000000000010111110010011010011100110000100000101011001101000010111100111010001110110010001100000000000000010000000000000001000000000000000011111111111111101000001100100110111010110010000111110101110011100001000100100101000101011000101001000100000101110001010000100111000000000000000100000011000101110111000101101001011011100111001000101111100100110001100011000010111111111111111100000000000000000000100010110001010001000011010 
10111000010110111110000111101001001111100100011010000000000000001010000101001110111001100011011001011101101101100001011110011101110010000100011100000001111010101010001101000101000110001000010110000000000000001000000000000000101010100010101101010001010110001001101010101110100000000000000011111111011001101110111010010011011011000101100100010011000000111101101010101011010000101000110111000010110100001000010000001010110011101001011010001000010111001110010111111000000101101011000011101100010110111111110011110000 
10001110011010000111111111111111100000000000000011011001101110011101111010111000011111111111111100000011000110000101001101010001110011001111100000101000000001111000000000000000010000010000010010100001011100000000001110000111110101111001101011011011011001010011100010011101000010101011001011001100000010111000000000000000011111111111111101111111111111111001100111001010010001110001010010001000110101001111000111110001011000110100101010000000000000000010101100101111101100011000001100110011001111011000011111001000 
10010110110100010111111111111111011111111111111110000000000000001100001100011111001111110100110010101001111111100010100100001010100000000000000010000000000000000101011000100001100000000000000001111111111111111101011111111101110010010000110011100101100110110111010010000101111101001000011100000100101100110111111110011101111110010011100110000000000000000011011001111000011111111111111100011000000111001000000000000000100000000000000001000010100110011000000000000000111101100100101111000000111001011000110011011010 
11000011000001011101000111001101011111111111111110000000000000001011010001001110100000000000000011110000011010100100111101111001100000000000000011101100101110111110011100111100101100000101101100110100011011111100101100001000110011101011100101111111111111110111101111011110100000000000000000111000100000111011001011101010111100001101111010100010100010001000000000000000100000000000000001000100010001101000000000000000100000000000000000000101011001111000000000000000100110001010010110000000000000001101101001110111 
10010110011001011100000000001000110110000001001110000000000000000011011101010110111111100000000101110110101101110111111111111111011111111111111110000000000000001000001010110000100000000000000010000000000000001010100111011011001111110111001001111111111111111000000000000000011011111101010110101010000111000011110010001110000100110011110011111110101101000010001000110011010011101101110011001010110101011010111010000111010011011010101110001001101010000111111111111111110001100001111001110101011100000100101111101111 
11001010011000000111111111111111111100011000000100010110011110000110101011110101111100110011011110101001110111010001101110100110000100110101011000100110101110010101010001100000101010101111110011110000001110101111011101000010010011111111011111011100000001100111111111111111000110100111001100010101010011111001001000011011000010101100000110000000000000000101101001101100011011000011001110110010011011011100001101011010001101011111010110010010001000001000000000000000100000000000000000101000001110111101110001100101 
01111111111111110000100011101110110111111000010000001111011111011011011000010111100000000000000010100001100010100111000000110001100001010011101101111111111111110101101000010000100000111010010010000000000000001000000000000000001101011110110010000000000000000100001000101100011111111111111111110001100101111100010001001110011110100010101000011001110000001000000000000000011111111111111101111110101100101100110110101100100000000000000010000000000000000101110110111011101010010011111110000000000000000010100000111110 
01101111111011010100100010010101100000000000000001110111110010110010011100110111100101010111001101001100000110111000000000000000011111111111111101100001110011101110000010110111001000111111111011100110110111110010011100011111011111111111111111110111101100010101001111010010111001101011000001000001100110111100101110101101001000000100000101100111100001111011011101100110000111000100100100010010101001010111111111111111000100010010011000101011111011100111101010001101000110000110010001001001001110110011001110000100 
01011000111110001010101100110001011001111010010001111111111111111110110100001010100000000000000001111111111111110100111110111110001001111110001110000000000000000101101011011101000000011001101011100001010101010111111111111111010010101110011110000111100011110111111111111111001010110001111010111111000101000101111010011011100100000101011111110100001100000100110010000000100000000000000001111111111111110100110011100100101100101101100000001100011100000101100101110101100111000110000001111111111111111000000000000000 
10000000000000001111000101111001101100011001111111101011001000110100001101010110011111111111111101000101110001011000000000000000001001110011101001100000001101010101000110110010010100101000000100101100010000110110011101111011100000000000000010010110010111010110011011110001100000000000000011111111010110111110101000101111001011110001101111100110000000111110011100011111100000011100101010111111101100010011100111000110001011110010101101101100001010111000000000000000011010011110001101111111111111110111111111111111 
11110101010000101011011000011111011111111111111100011010111011011010111111000101111001110111110001111111111111110000111110011001100000000000000001110001011000101000000000000000011111111111111111111101000110101111001101111000110000010101000111000110001101010001000011100111000000110101001011110110000111001110010001001010011111111111111101111111111111111000110000001000001001001011110110000000000000001000001110101011111000101010110010000000000000001110111101101000011101001100101110010001011111100110100000010100 
11101110011111010000001001000000110100001001100010001010111100100010100110111101011000111111010100000111100110111000000000000000100010111011111101111111111111111111010101101101101000100001011011110010011011111100100111110100111001001011110011111111100010001110101010110101111111101100111101111111111111110111111111111111001100101000000111010101110101101111001111101101101011000011110010000000000000000111010101001111100000000000000011101000100010000110111110101111010101111110010111110011001111010000000000011001 
00000100011010001000000000000000001010100100110011111101110010100011010110010011111010111010110000100100000010000000010110110001000111000111100010000000000000000010100100000011001100101110101001111111111111111001011110110110111011101101010101111111111111111000000000000000101101110000111111101001111110010111111111111111100000000000000010111010100001011110011111100111011111111111111100010101100110111000000000000000000111111101110100001001110011101111101011011000110110100000011010110101010111011000011101110010 
00000011110100100111111111111111101111101101000001010101101001110001000111110101000111100011001010000000000000000110111000110100000110000001110101111111111111110100010001100010010101011011101010010000101111111111000101010100000111010001100110111011110101001000000000000000001110000100011011010100010100100111111111111111100000000000000001011111110111011110100000011010111011011011101011111011001100110111111111111111110010010111010100101111010000000111111111111111001011110001111110000000000000000001000010110010 
01011100110110001010111011111100111100001111101011011010001001111111111110000001101011011011110110000000000000001010100100110001001100100100010101111111111111110111000111100101111100001100010010110111100101001000000000000000011101000010000110000000000000001000000000000000111100010000001000000000100001110110111101100101100000000000000011100010001000011000000000000000001011101111000000011011011010010100000011011011100100101011011100010000101101010111111111111111010001011100010011000011010101010100110100100000 
01101001010101000111111111111111110101101001001001001111001010011100110011011101111000111010110101010101011110001010000010010000011111111111111101111111111111111111101101010010111000011011100010000000000000001110000011010110011111111111111111000101001100010001101101111110001110110010001101111111111111111000000000000000011111011110010111101010001110000010000001101010010010001111001110000000000000000110000111000000010001111110111000011011011000100111111111111111110100011011100101111111111111110111111111111111 
00010111110001101000000000000000100101001000100000111010101100110111111111111111111000101001010101101001000101101101000000011010000001010010101000001111001011100011000101010110000110001011010100010101011011110000101110001101100011100010101000010111011011110000100011111011110110010111111111111111100100110110110110001100110010110111011111010100000000001000000000000000011111111111111101000100100010111101011100101111101000110101010100111111100111110111001111100010001010011000011110100011000011110010010111110110 
01100110111010100111111111111111011111111111111100101100010011011111001101011011000101110001001001100011011010101011010101111010100000000000000000110000011111100111111111111111010111000001000100110011000011111010111010001110110101011100010001011111010010110000101110100011100111100000101100111011010010111100100000110001010101110110011101001001100001101000000000000000011111011111110000111000100110011101010110000100110100010011010000101001010000101000000000000000100100000100011110000000000000001010100100111001 
00111110101101100111111111111111001101010110000110000000000000001001101011111011001110001001010001011110100011001110000110111001001000001111010100000011100100000000110111100011111010110010110001011101000111100111100011100111011101001110000111110101111110001101011010101011001110000111011101111111111111111000000000000000110101001010111010111101110001110111000011110110011111111111111110000000000000000001010101010111000000011001011110110110101110111000000000000000101011100010011111111000011010010010110001001101 
01111111111111111000000000000000101111010101011011111001100001001101111011100001100000000000000001111111111111111101100010010101111110000100101110000000000000000110100101110111101000001110000000011110011011011111100000010010011111111111111110111001011000000011011111001101111000110010001111101011101010011000000000000000010101001101101001011111011101111110011000110101010011100010011101111111101010111101111110110000110010010111010110101111111010010010100001000000001001100010100101101110110011001001011010110110 
11110011100001110000011001001000111101011111101000001001101111010011000011000111011111111111111101010100000001001001110011101010100000000000000010000000000000001110001110011010001100010010111101111111111111110010101110100111100010000101101000001000110100000111111111111111000100111000000011110100010100110011011001111001011111000010110010000000000000000101010000001110100111110010110100111010100111000110011010100011000011010000111001111111111111111000000000000000011111111111111111110110101011111110010110100110 
01110011010001100100100001100110100000000000000011110010011110010111111111111111011111111111111100110101000111111000000000000000010110010010100111110111101011001110110001101100101000111011010100111110111001110111111111111111110011010010000110100110011110010100001011110100011111111111111101111111111111110110010011001110110111010000110110000101011000010101011000110110110000001101100010000000000000000111111111111111010101111001000000100111111001100111100100100010000111010111100101111111111111110000110011111110 
11111101011010010000110011110111111010010011010110110001011101011000100001010000111000011001000011001011000001111111010100101001011111111111111100010101010011001000000000000000011110110001101010000000000000001011011110110010011111111111111110000000000000000111111111111111110010111100000110000000000000001101110101010101000101110001101010100000111101001100010100111111111001110011011101011110001111100111111111111111011001011000101000111101000000001110110100001100011111111111111111100111100010010000111101011111 
11110000101110010101000001110010111111111101100111101101000101111000111010010111101111000111000110000000000000000111111111111111111001000001010101110101101110100111111111111111101111111001110001110000000001100111111111111111011111000110100101111111111111111000000000000000101101010111110111001111111011101101011111001111100000000000000001111111111111111001110011111110011111111111111100000011101010001000000000000000011000111111101000100010100000101000000000000000100000000000000010101010111110101100100010010101 
11001001011011001110110010000000100000000000000010010110011001010111111111111111000000010000110011010000000001000000111001001001111110011111010101101101001011001001010001011100101110100100011000110000011010011000110110100110110101000000100100101100110100001100110101001100101111000010101110111111111000110110011000000000000001010001001111110100100010011000000000000000011010010010010010000000000000001111101110011100001100011110100010000000000000001110110000011110101111001000011110000000000000001101010111001000 
10000000000000000011111011111110000110001000001111100011101011101000000000000000000101101001110000000001010101010111010000001101011010001011100110110101000011001000111110001100001110011101000111001111111101101110111111000101111001111010001100011101111100001000000000000000110111111000101010101111010010100100001000011010110111101011011000000111001011110000101100011000001011010011000111000010001101001000000000000000010000000000000101001101111101010111111111111111001111010000110110000000000000000010100110011110 
10101001011000001111000011001011100000000000000001111111111111110010111000111110110011111011011110000000000000000111111111111111010101110001111101111111111111111000000000000000111111111101010111011100100000001110110001001101101000100011100010011101100010001111100001000101110001011010001111001010000110000001001011000111000110010111010001111111111111111000000000000000110000111111010111001101110110111000100000001000010010001001001110010100110010010111111111111111110101000100111010000000000000001001100011011011 
10000000000000000111111111111111010010011101111000010001100010101000001110100001110000110010111110000000000000000111111111111111110011011010011101111111111111110111111111111111001110011010100100111111111001001011111001001101000011100010100110000000000000001001110001000101100000000000000000001100111110111000000000000000011011000000110000101101010001110111111111111111000101100100110011000001000010011000000000000000100100111110101010000000000000001000000000000000100000000000000010000000000000000001010100010010 
01110111011010111011101000111000100000000000000010000100000110110111100110000000001011001011111111010101010100011001111011100011011111100000011110000000000000001011001111000001100000000000000000101011000111100000000000001010011111111111111101000000000010110110000100110110011111111111111111010010100010111100101111111100010101001101010010000000000000000010110001111110000010110001010010100111101101110111100101001001011111111111111110001011100100100111111111111111111111010000100101111111111111110010000101001010 
01101101101111001000000000000000011101101101110111100010111100011000000000000000100000000000000010011011011000011100000100011001011111111111111100010101000100000000010000111110110010101000100010111010011110000001000000110100111101110011010110000000000000001110111111000001011111111111111100111110100100110110111111011011100010110010100011010000100001110101001010111110101101100011101101111111111111111111000100000100101101100100011101111110001001100011000000100110111010011010100011101100010111111011011001111000 
11111110000011110011001010011001111110100100001011010100010110000111111111111111111010010101011101100011001011001000100001110001000111010011101100101110010001100001111101000010110110000111100110110110101110001100111111000011100101001010110101110100001100100101110101001000100000000000000011010101111000110111111111111111111010101100110101011110011101111110001100100110010100001010111001111001000011010000110101110011100000000000000000101111110001110110101101101011011111111111111111111110011011000111000000000010 
